0 6
0 9
1 4
1 5
1 6
1 7
1 8
1 9
2 3
3 3
3 6
3 7
3 8
3 9
3 10
3 11
4 0
4 1
4 3
4 5
4 7
4 12
5 0
5 1
5 3
5 5
5 7
5 8
5 9
5 10
5 11
5 12
6 4
6 5
6 7
6 15
7 7
7 10
7 11
7 12
7 13
7 14
7 15
8 7
8 9
9 6
9 7
9 9
9 12
9 13
9 14
9 15
9 16
9 17
10 9
10 11
10 18
11 9
11 11
11 14
11 15
11 16
11 17
11 18
12 10
12 11
12 13
12 21
13 13
13 16
13 17
13 18
13 19
13 20
13 21
14 13
14 15
15 12
15 13
15 15
15 18
15 19
15 20
15 21
15 22
15 23
16 15
16 17
16 24
17 15
17 17
17 20
17 21
17 22
17 23
17 24
18 16
18 17
18 19
18 27
19 19
19 22
19 23
19 24
19 25
19 26
19 27
20 19
20 21
21 18
21 19
21 21
21 24
21 25
21 26
21 27
21 28
21 29
22 21
22 23
22 30
23 21
23 23
23 26
23 27
23 28
23 29
23 30
24 22
24 23
24 25
24 33
25 25
25 28
25 29
25 30
25 31
25 32
25 33
26 25
26 27
27 24
27 25
27 27
27 30
27 31
27 32
27 33
27 34
27 35
28 27
28 29
28 36
29 27
29 29
29 32
29 33
29 34
29 35
29 36
30 28
30 29
30 31
30 39
31 31
31 34
31 35
31 36
31 37
31 38
31 39
32 31
32 33
33 30
33 31
33 33
33 36
33 37
33 38
33 39
33 40
33 41
34 33
34 35
34 42
35 33
35 35
35 38
35 39
35 40
35 41
35 42
36 34
36 35
36 37
36 45
37 37
37 40
37 41
37 42
37 43
37 44
37 45
38 37
38 39
39 36
39 37
39 39
39 42
39 43
39 44
39 45
39 46
39 47
40 39
40 41
40 48
41 39
41 41
41 44
41 45
41 46
41 48
42 40
42 41
42 43
42 47
43 43
43 46
44 43
44 45
45 42
45 43
45 45
45 47
46 46
46 47
