0 7
0 15
0 23
0 24
1 7
1 8
1 9
1 15
1 16
1 17
1 23
1 24
2 10
2 18
3 9
3 10
3 17
3 18
3 35
3 36
4 30
4 31
4 34
4 37
5 30
5 32
5 35
5 36
6 33
6 34
7 5
7 34
8 5
8 6
8 7
8 34
8 36
8 37
9 8
9 31
9 32
9 34
9 37
10 7
10 8
10 31
10 32
10 34
10 35
13 17
14 2
14 3
14 5
14 6
14 16
14 18
14 29
14 30
15 0
15 3
15 5
15 6
15 15
15 19
15 29
16 0
16 1
16 3
16 15
16 19
16 30
16 31
16 32
17 3
17 15
17 19
17 32
18 3
18 4
18 16
18 18
19 1
19 2
19 5
19 7
19 17
20 0
20 3
20 6
20 7
21 1
21 2
21 19
21 20
22 19
23 13
23 14
23 20
23 21
23 22
24 13
24 14
24 22
