0 54
0 55
1 53
1 54
2 47
2 48
2 54
3 46
3 47
3 53
3 54
4 48
4 53
4 55
4 58
4 59
5 50
5 51
5 55
5 56
5 58
5 59
5 60
5 61
6 50
6 51
6 62
7 62
8 56
9 58
9 59
11 58
11 59
11 60
12 57
12 58
12 61
13 31
13 32
13 59
14 30
14 31
15 31
15 33
15 53
15 54
15 55
15 58
16 26
16 31
16 32
16 33
16 53
16 56
16 57
16 58
17 25
17 26
17 27
17 28
17 29
17 31
17 32
17 33
17 36
17 38
17 39
17 56
17 57
18 25
18 28
18 29
18 36
18 40
18 41
18 43
18 44
18 54
18 55
18 57
18 58
19 35
19 40
19 41
19 45
19 46
19 48
19 49
19 57
19 58
20 27
20 28
20 31
20 32
20 34
20 35
20 38
20 39
20 45
20 46
20 50
20 51
20 53
20 55
21 35
21 43
21 44
21 50
21 51
22 21
22 22
22 23
22 27
22 33
22 34
22 48
22 49
22 54
23 21
23 27
23 30
23 32
23 33
23 53
24 22
24 26
24 27
24 29
25 25
25 26
25 30
25 32
26 13
26 14
26 15
26 26
27 13
27 19
27 20
27 21
27 24
27 25
28 14
28 17
28 18
28 20
28 21
28 22
28 24
28 25
29 16
29 27
30 17
30 19
30 21
30 22
30 27
31 19
31 20
31 22
32 17
32 18
32 22
32 24
33 16
33 17
34 18
35 15
35 16
36 14
36 15
36 16
37 13
37 14
37 16
38 12
38 13
38 14
38 15
38 17
39 17
39 18
39 19
40 18
40 19
41 10
41 11
41 12
41 14
41 15
42 9
42 13
42 14
42 15
43 12
43 13
43 14
44 8
44 10
44 12
45 7
45 8
45 9
45 10
46 7
47 8
47 9
48 9
48 12
49 0
49 1
50 0
50 2
50 6
50 7
50 8
51 0
51 4
51 9
52 3
52 4
53 3
53 9
