0 12
0 13
0 14
1 11
2 10
2 11
3 4
3 6
3 7
3 10
3 11
3 14
3 15
3 16
4 3
4 4
4 6
4 7
4 9
4 10
4 16
4 21
4 22
5 2
5 5
5 6
5 10
5 12
5 13
5 18
5 19
5 21
5 22
6 8
6 9
6 10
6 11
6 18
6 19
6 23
7 4
7 6
7 8
7 9
7 18
7 19
8 6
9 3
9 4
10 2
10 3
10 6
11 4
11 5
11 6
11 8
11 9
12 0
12 3
12 9
12 10
12 11
13 1
13 3
13 4
13 5
13 6
13 8
13 12
14 8
14 9
14 14
14 21
15 9
15 14
15 15
15 20
15 21
15 23
15 24
15 25
16 8
16 12
16 15
16 16
16 19
16 20
16 26
17 10
17 13
17 15
17 18
17 24
17 25
18 11
18 13
18 14
18 15
18 20
19 12
19 13
19 14
19 17
19 18
19 19
19 21
20 11
20 12
20 16
20 17
20 18
21 18
21 21
22 19
