0 11
0 12
0 24
0 25
1 11
1 12
1 24
1 25
4 6
4 30
5 5
5 7
5 13
5 23
5 29
5 31
6 4
6 7
6 13
6 15
6 16
6 20
6 21
6 23
6 29
6 32
7 5
7 6
7 17
7 19
7 30
7 31
8 15
8 17
8 19
8 21
9 16
9 20
11 0
11 1
11 35
11 36
12 0
12 1
12 35
12 36
13 5
13 6
13 30
13 31
15 6
15 8
15 28
15 30
16 6
16 9
16 27
16 30
17 7
17 8
17 28
17 29
19 7
19 8
19 28
19 29
20 6
20 9
20 27
20 30
21 6
21 8
21 28
21 30
23 5
23 6
23 30
23 31
24 0
24 1
24 35
24 36
25 0
25 1
25 35
25 36
27 16
27 20
28 15
28 17
28 19
28 21
29 5
29 6
29 17
29 19
29 30
29 31
30 4
30 7
30 13
30 15
30 16
30 20
30 21
30 23
30 29
30 32
31 5
31 7
31 13
31 23
31 29
31 31
32 6
32 30
35 11
35 12
35 24
35 25
36 11
36 12
36 24
36 25
