0 11
0 13
0 26
0 27
1 10
1 13
1 24
1 29
2 9
2 10
2 18
2 23
3 8
3 15
3 16
3 18
3 23
3 29
4 7
4 8
4 9
4 10
4 11
4 12
4 15
4 23
4 24
4 25
4 26
4 27
4 28
5 4
5 5
5 13
5 17
5 18
5 19
5 20
6 3
6 7
6 8
6 9
6 11
6 16
7 2
7 6
7 10
7 11
7 13
7 16
7 17
7 19
7 22
8 2
8 8
8 9
8 13
8 19
9 2
9 3
9 4
9 8
9 9
9 10
9 11
9 13
9 21
9 23
9 24
10 11
10 21
10 24
10 31
11 2
11 3
11 4
11 11
11 13
11 21
11 24
11 29
11 31
12 1
12 7
12 13
12 22
12 23
12 30
12 31
12 37
12 40
12 41
12 44
12 45
12 48
12 49
12 52
12 53
12 56
12 57
13 0
13 4
13 5
13 7
13 11
13 12
13 36
13 37
13 40
13 41
13 44
13 45
13 48
13 49
13 52
13 53
13 56
13 57
14 0
14 4
14 11
14 12
14 13
15 0
15 4
15 5
15 7
15 11
15 12
15 36
15 37
15 40
15 41
15 44
15 45
15 48
15 49
15 52
15 53
15 56
15 57
16 1
16 7
16 13
16 22
16 23
16 30
16 31
16 37
16 40
16 41
16 44
16 45
16 48
16 49
16 52
16 53
16 56
16 57
17 2
17 3
17 4
17 11
17 13
17 21
17 24
17 29
17 31
18 11
18 21
18 24
18 31
19 2
19 3
19 4
19 8
19 9
19 10
19 11
19 13
19 21
19 23
19 24
20 2
20 8
20 9
20 13
20 19
21 2
21 6
21 10
21 11
21 13
21 16
21 17
21 19
21 22
22 3
22 7
22 8
22 9
22 11
22 16
23 4
23 5
23 13
23 17
23 18
23 19
23 20
24 7
24 8
24 9
24 10
24 11
24 12
24 15
24 23
24 24
24 25
24 26
24 27
24 28
25 8
25 15
25 16
25 18
25 23
25 29
26 9
26 10
26 18
26 23
27 10
27 13
27 24
27 29
28 11
28 13
28 26
28 27
