0 32
0 33
0 35
1 31
1 32
1 33
1 35
1 42
1 44
2 30
2 35
2 37
2 42
3 31
3 32
3 39
3 41
3 45
4 32
4 36
4 39
4 42
4 43
5 35
5 37
5 38
5 42
6 34
6 36
6 53
6 54
7 34
7 36
7 53
7 54
14 61
14 62
15 52
15 53
15 61
15 62
16 39
16 49
16 51
16 52
16 53
16 54
17 34
17 38
17 39
17 40
17 41
17 42
17 48
17 49
17 51
17 55
17 56
18 33
18 35
18 43
18 44
18 49
18 52
18 53
18 55
18 56
19 33
19 41
19 43
19 44
19 50
19 51
19 52
19 53
19 54
19 55
20 34
20 43
20 44
20 51
21 35
21 39
21 40
21 41
21 42
22 40
22 41
22 42
23 24
23 26
23 36
23 37
24 24
24 26
24 28
24 35
24 37
25 23
25 26
25 27
25 29
25 34
25 35
26 24
26 25
26 29
26 31
26 33
26 34
26 36
27 24
27 25
27 29
27 30
27 32
27 33
27 34
27 35
27 36
28 28
28 30
28 31
28 35
28 36
29 27
29 29
30 2
30 3
30 5
31 1
31 2
31 3
31 5
31 12
31 14
32 0
32 5
32 7
32 12
33 1
33 2
33 9
33 11
33 15
34 2
34 6
34 9
34 12
34 13
34 25
35 5
35 7
35 8
35 12
35 24
35 25
35 26
36 4
36 6
36 24
36 27
37 4
37 6
37 23
37 28
38 24
40 24
40 27
41 25
41 27
43 21
44 20
44 21
44 22
45 19
45 20
45 22
45 23
46 9
46 18
46 19
46 21
46 27
47 4
47 8
47 9
47 10
47 11
47 12
47 17
47 18
47 25
47 26
48 3
48 5
48 13
48 14
48 17
48 18
48 26
48 27
49 3
49 11
49 13
49 14
50 4
50 13
50 14
51 5
51 9
51 10
51 11
51 12
52 10
52 11
52 12
56 11
56 12
57 11
57 12
