0 0
0 1
0 9
0 10
0 13
0 14
0 17
0 18
0 21
0 22
0 25
0 26
0 29
0 30
0 33
0 34
0 37
0 38
0 41
0 42
0 45
0 46
0 49
0 50
0 53
0 54
1 0
1 1
1 6
1 8
1 9
1 10
1 13
1 14
1 17
1 18
1 21
1 22
1 25
1 26
1 29
1 30
1 33
1 34
1 37
1 38
1 41
1 42
1 45
1 46
1 49
1 50
1 53
1 54
1 58
1 59
2 4
2 5
2 7
2 57
2 59
3 4
3 5
3 9
3 10
3 11
3 12
3 13
3 14
3 15
3 16
3 17
3 18
3 19
3 20
3 21
3 22
3 23
3 24
3 25
3 26
3 27
3 28
3 29
3 30
3 31
3 32
3 33
3 34
3 35
3 36
3 37
3 38
3 39
3 40
3 41
3 42
3 43
3 44
3 45
3 46
3 47
3 48
3 49
3 50
3 51
3 52
3 53
3 54
3 55
3 56
3 57
4 4
4 5
4 7
4 58
5 0
5 1
5 6
5 8
5 9
5 10
5 13
5 14
5 17
5 18
5 21
5 22
5 25
5 26
5 29
5 30
5 33
5 34
5 37
5 38
5 41
5 42
5 45
5 46
5 49
5 50
5 53
5 54
5 57
5 58
6 0
6 1
6 9
6 10
6 13
6 14
6 17
6 18
6 21
6 22
6 25
6 26
6 29
6 30
6 33
6 34
6 37
6 38
6 41
6 42
6 45
6 46
6 49
6 50
6 53
6 54
