0 13
0 16
0 17
0 24
0 27
0 28
0 29
1 5
1 9
1 10
1 11
1 12
1 14
1 15
1 16
1 17
1 18
1 19
1 24
1 27
1 28
1 29
2 1
2 2
2 3
2 4
2 5
2 10
2 15
2 20
2 21
2 22
3 0
3 7
3 8
3 10
3 17
3 18
3 20
3 21
3 22
3 25
3 27
3 28
3 29
4 1
4 2
4 3
4 4
4 5
4 7
4 8
4 9
4 18
4 19
4 20
4 21
4 25
4 27
4 28
4 29
5 5
5 8
5 23
6 8
6 9
6 20
6 21
6 23
6 24
7 8
7 9
7 20
7 21
7 23
7 24
8 5
8 8
8 23
9 1
9 2
9 3
9 4
9 5
9 7
9 8
9 9
9 18
9 19
9 20
9 21
9 25
9 27
9 28
9 29
10 0
10 7
10 8
10 10
10 17
10 18
10 20
10 21
10 22
10 25
10 27
10 28
10 29
11 1
11 2
11 3
11 4
11 5
11 10
11 15
11 20
11 21
11 22
12 5
12 9
12 10
12 11
12 12
12 14
12 15
12 16
12 17
12 18
12 19
12 24
12 27
12 28
12 29
13 13
13 16
13 17
13 24
13 27
13 28
13 29
