0 10
0 11
0 12
0 13
1 4
1 5
1 9
1 10
1 11
1 12
1 13
1 14
2 0
2 1
2 2
2 3
2 5
2 6
2 9
2 10
2 11
2 12
2 14
2 15
3 0
3 1
3 2
3 3
3 4
3 5
3 13
3 14
4 1
4 2
4 3
4 4
6 16
6 17
7 14
7 19
9 13
9 15
9 18
9 20
10 11
10 12
10 13
10 14
10 16
10 17
10 19
10 20
10 21
10 22
11 8
11 10
11 15
11 18
11 23
11 25
12 8
12 9
12 11
12 12
12 14
12 19
12 21
12 22
12 24
12 25
13 11
13 13
13 20
13 22
14 8
14 9
14 11
14 13
14 20
14 22
14 24
14 25
15 8
15 9
15 11
15 22
15 24
15 25
16 11
16 13
16 15
16 16
16 17
16 18
16 20
16 22
17 11
17 13
17 20
17 22
18 10
18 11
18 13
18 15
18 16
18 17
18 18
18 20
18 22
18 23
19 10
19 13
19 14
19 15
19 18
19 19
19 20
19 23
20 12
20 15
20 16
20 17
20 18
20 21
21 11
21 12
21 14
21 19
21 21
21 22
22 11
22 14
22 19
22 22
23 12
23 15
23 18
23 21
24 13
24 14
24 19
24 20
