0 7
0 25
1 6
1 7
1 8
1 24
1 25
1 26
2 5
2 6
2 11
2 12
2 13
2 19
2 20
2 21
2 26
2 27
3 3
3 4
3 6
3 9
3 10
3 11
3 14
3 18
3 21
3 22
3 23
3 26
3 28
3 29
4 4
4 6
4 9
4 11
4 15
4 17
4 21
4 23
4 26
4 28
5 1
5 2
5 4
5 6
5 8
5 10
5 15
5 17
5 22
5 24
5 26
5 28
5 30
5 31
6 1
6 2
6 6
6 8
6 13
6 19
6 24
6 26
6 30
6 31
7 1
7 2
7 3
7 5
7 9
7 14
7 16
7 18
7 23
7 27
7 29
7 30
7 31
8 0
8 1
8 11
8 12
8 14
8 16
8 18
8 20
8 21
8 31
8 32
9 12
9 20
10 9
10 10
10 12
10 20
10 22
10 23
11 10
11 22
12 7
12 8
12 10
12 22
12 24
12 25
13 7
13 8
13 24
13 25
14 7
14 9
14 11
14 13
14 14
14 15
14 17
14 18
14 19
14 21
14 23
14 25
15 6
15 7
15 11
15 15
15 17
15 21
15 25
15 26
16 6
16 9
16 13
16 15
16 17
16 19
16 23
16 26
17 9
17 10
17 15
17 17
17 22
17 23
18 5
18 6
18 11
18 15
18 17
18 21
18 26
18 27
19 9
19 11
19 12
19 14
19 18
19 20
19 21
19 23
20 10
20 12
20 14
20 16
20 18
20 20
20 22
21 12
21 15
21 17
21 20
22 11
22 13
22 19
22 21
