0 1
1 2
1 13
1 14
2 0
2 1
2 2
2 12
2 13
2 14
3 12
3 13
3 15
4 5
4 13
4 14
4 15
5 3
5 5
5 14
6 4
6 5
8 22
8 23
8 24
8 25
9 21
9 22
9 23
9 24
9 25
9 26
10 20
10 21
10 22
10 23
10 24
10 25
10 26
10 27
11 12
11 19
11 20
11 27
11 28
12 3
12 4
12 10
12 12
12 20
12 21
12 22
12 23
12 24
12 25
12 26
12 27
13 1
13 2
13 4
13 5
13 11
13 12
13 21
13 22
13 23
13 24
13 25
13 26
14 1
14 2
14 3
14 4
14 15
14 22
14 23
14 24
14 25
15 2
15 3
15 16
16 14
16 15
16 16
20 5
20 6
20 7
20 8
20 9
20 10
20 11
21 3
21 4
21 5
21 7
21 8
21 9
21 11
21 12
21 13
22 2
22 7
22 8
22 9
22 14
23 3
23 4
23 5
23 6
23 8
23 10
23 11
23 12
23 14
24 13
25 2
25 4
25 5
25 7
25 9
25 11
26 2
26 3
26 5
26 7
26 9
26 11
26 12
27 6
27 9
27 11
28 7
28 8
28 11
29 11
29 12
