0 11
0 12
1 4
1 5
1 9
1 14
1 18
1 19
2 1
2 4
2 7
2 9
2 14
2 16
2 19
2 22
3 0
3 2
3 4
3 6
3 7
3 9
3 14
3 16
3 17
3 19
3 21
3 23
4 1
4 4
4 7
4 9
4 11
4 12
4 14
4 16
4 19
4 22
5 4
5 5
5 10
5 13
5 18
5 19
6 11
6 12
7 7
7 10
7 13
7 16
8 6
8 8
8 9
8 14
8 15
8 17
9 7
9 16
11 3
11 4
11 19
11 20
12 3
12 6
12 7
12 8
12 9
12 14
12 15
12 16
12 17
12 20
13 4
13 6
13 8
13 10
13 13
13 15
13 17
13 19
14 3
14 4
14 6
14 10
14 11
14 12
14 13
14 17
14 19
14 20
15 7
15 8
15 15
15 16
16 9
16 10
16 13
16 14
17 9
17 12
17 14
18 10
18 11
