0 31
1 17
1 30
1 31
1 32
2 16
2 17
2 18
2 23
2 24
2 25
2 30
2 32
2 33
3 9
3 10
3 11
3 16
3 18
3 19
3 23
3 26
3 31
3 32
3 33
3 36
3 37
3 38
4 9
4 12
4 17
4 18
4 19
4 23
4 31
4 32
4 36
5 9
5 17
5 18
5 23
5 27
5 37
6 9
6 13
6 23
6 27
7 0
7 1
7 2
7 9
7 13
7 23
8 0
8 3
8 9
8 24
8 26
9 0
9 10
9 12
10 0
11 1
11 3
14 10
15 9
15 10
15 11
16 9
16 11
16 12
17 10
17 11
17 12
18 10
18 11
21 15
21 16
21 17
22 15
22 18
22 23
22 29
22 30
22 31
23 15
23 22
23 23
23 24
23 29
23 32
23 37
24 15
24 21
24 22
24 24
24 29
24 36
24 37
24 38
25 4
25 5
25 6
25 16
25 18
25 21
25 22
25 23
25 29
25 35
25 36
25 38
26 4
26 7
26 21
26 22
26 23
26 30
26 32
26 35
26 36
26 37
27 4
27 21
27 22
27 23
27 35
27 36
27 37
28 4
28 22
28 23
28 35
28 36
28 37
29 5
29 7
29 36
29 37
30 43
31 42
31 43
31 44
32 41
32 42
32 44
33 41
33 42
33 43
34 42
34 43
41 41
42 30
42 31
42 32
42 40
42 41
42 42
43 16
43 17
43 18
43 24
43 29
43 32
43 39
43 40
43 42
44 10
44 15
44 18
44 23
44 24
44 25
44 32
44 39
44 40
44 41
45 9
45 10
45 11
45 18
45 23
45 25
45 26
45 32
45 39
45 40
45 41
46 9
46 11
46 12
46 18
46 24
46 25
46 26
46 29
46 31
46 40
46 41
47 10
47 11
47 12
47 15
47 17
47 24
47 25
47 26
48 1
48 10
48 11
48 12
48 24
48 25
48 26
49 0
49 1
49 2
49 10
49 11
49 12
49 24
49 25
50 0
50 2
50 3
50 10
50 11
51 1
51 2
51 3
51 42
52 1
52 2
52 41
52 42
52 43
53 40
53 41
53 43
54 40
54 41
54 42
55 41
55 42
56 9
56 10
56 11
57 8
57 11
58 11
59 11
60 8
60 10
