0 4
0 5
0 8
0 9
0 12
0 13
0 16
0 17
0 20
0 21
0 24
0 25
0 28
0 29
0 32
0 33
0 36
0 37
0 40
0 41
0 44
0 45
0 48
0 49
0 52
0 53
1 4
1 5
1 8
1 9
1 12
1 13
1 16
1 17
1 20
1 21
1 24
1 25
1 28
1 29
1 32
1 33
1 36
1 37
1 40
1 41
1 44
1 45
1 48
1 49
1 52
1 53
3 2
3 3
3 4
3 5
3 6
3 7
3 8
3 9
3 10
3 11
3 12
3 13
3 14
3 15
3 16
3 17
3 18
3 19
3 20
3 21
3 22
3 23
3 24
3 25
3 26
3 27
3 28
3 29
3 30
3 31
3 32
3 33
3 34
3 35
3 36
3 37
3 38
3 39
3 40
3 41
3 42
3 43
3 44
3 45
3 46
3 47
3 48
3 49
3 50
3 51
3 52
3 53
3 54
3 55
4 1
4 8
4 56
5 0
5 2
5 3
5 4
5 5
5 6
5 11
5 12
5 13
5 14
5 15
5 16
5 17
5 18
5 19
5 20
5 21
5 22
5 23
5 24
5 25
5 26
5 27
5 28
5 29
5 30
5 31
5 32
5 33
5 34
5 35
5 36
5 37
5 38
5 39
5 40
5 41
5 42
5 43
5 44
5 45
5 46
5 47
5 48
5 49
5 50
5 51
5 52
5 53
5 54
5 55
5 57
6 1
6 7
6 56
7 2
7 3
7 4
7 5
7 6
7 7
7 8
7 9
7 10
7 11
7 12
7 13
7 14
7 15
7 16
7 17
7 18
7 19
7 20
7 21
7 22
7 23
7 24
7 25
7 26
7 27
7 28
7 29
7 30
7 31
7 32
7 33
7 34
7 35
7 36
7 37
7 38
7 39
7 40
7 41
7 42
7 43
7 44
7 45
7 46
7 47
7 48
7 49
7 50
7 51
7 52
7 53
7 54
7 55
9 4
9 5
9 8
9 9
9 12
9 13
9 16
9 17
9 20
9 21
9 24
9 25
9 28
9 29
9 32
9 33
9 36
9 37
9 40
9 41
9 44
9 45
9 48
9 49
9 52
9 53
10 4
10 5
10 8
10 9
10 12
10 13
10 16
10 17
10 20
10 21
10 24
10 25
10 28
10 29
10 32
10 33
10 36
10 37
10 40
10 41
10 44
10 45
10 48
10 49
10 52
10 53
