0 4
0 5
0 8
0 9
0 12
0 13
0 16
0 17
0 20
0 21
0 24
0 25
0 28
0 29
0 32
0 33
1 4
1 7
1 9
1 12
1 15
1 17
1 20
1 23
1 25
1 28
1 31
1 33
2 5
2 13
2 21
2 29
3 8
3 16
3 24
3 32
4 0
4 1
4 4
4 6
4 12
4 14
4 20
4 22
4 28
4 30
4 36
4 37
5 0
5 2
5 8
5 10
5 16
5 18
5 24
5 26
5 32
5 34
5 37
6 4
6 12
6 20
6 28
6 36
7 1
7 9
7 17
7 25
7 33
8 0
8 3
8 5
8 11
8 13
8 19
8 21
8 27
8 29
8 35
8 37
9 0
9 1
9 7
9 9
9 15
9 17
9 23
9 25
9 31
9 33
9 36
9 37
10 5
10 13
10 21
10 29
11 8
11 16
11 24
11 32
12 0
12 1
12 4
12 6
12 12
12 14
12 20
12 22
12 28
12 30
12 36
12 37
13 0
13 2
13 8
13 10
13 16
13 18
13 24
13 26
13 32
13 34
13 37
14 4
14 12
14 20
14 28
14 36
15 1
15 9
15 17
15 25
15 33
16 0
16 3
16 5
16 11
16 13
16 19
16 21
16 27
16 29
16 35
16 37
17 0
17 1
17 7
17 9
17 15
17 17
17 23
17 25
17 31
17 33
17 36
17 37
18 5
18 13
18 21
18 29
19 8
19 16
19 24
19 32
20 0
20 1
20 4
20 6
20 12
20 14
20 20
20 22
20 28
20 30
20 36
20 37
21 0
21 2
21 8
21 10
21 16
21 18
21 24
21 26
21 32
21 34
21 37
22 4
22 12
22 20
22 28
22 36
23 1
23 9
23 17
23 25
23 33
24 0
24 3
24 5
24 11
24 13
24 19
24 21
24 27
24 29
24 35
24 37
25 0
25 1
25 7
25 9
25 15
25 17
25 23
25 25
25 31
25 33
25 36
25 37
26 5
26 13
26 21
26 29
27 8
27 16
27 24
27 32
28 0
28 1
28 4
28 6
28 12
28 14
28 20
28 22
28 28
28 30
28 36
28 37
29 0
29 2
29 8
29 10
29 16
29 18
29 24
29 26
29 32
29 34
29 37
30 4
30 12
30 20
30 28
30 36
31 1
31 9
31 17
31 25
31 33
32 0
32 3
32 5
32 11
32 13
32 19
32 21
32 27
32 29
32 35
32 37
33 0
33 1
33 7
33 9
33 15
33 17
33 23
33 25
33 31
33 33
33 36
33 37
34 5
34 13
34 21
34 29
35 8
35 16
35 24
35 32
36 4
36 6
36 9
36 12
36 14
36 17
36 20
36 22
36 25
36 28
36 30
36 33
37 4
37 5
37 8
37 9
37 12
37 13
37 16
37 17
37 20
37 21
37 24
37 25
37 28
37 29
37 32
37 33
