0 20
1 8
1 9
1 18
1 19
1 20
2 9
2 17
3 9
3 11
3 17
3 18
4 10
4 11
4 25
5 23
5 24
5 25
6 4
6 5
6 14
6 15
6 16
6 22
7 5
7 13
7 16
7 23
8 5
8 7
8 16
8 19
8 23
8 30
9 6
9 7
9 10
9 15
9 18
9 28
9 29
9 30
10 9
10 18
10 21
10 27
11 0
11 1
11 9
11 12
11 18
11 19
11 20
11 27
11 28
12 1
12 9
12 10
12 11
13 1
13 3
14 2
14 3
14 24
14 25
14 26
15 15
15 16
15 17
15 23
15 26
16 6
16 7
16 8
16 14
16 17
16 26
17 5
17 8
17 17
17 20
17 25
17 28
17 29
18 8
18 11
18 16
18 19
18 28
18 30
19 3
19 7
19 10
19 19
19 22
19 30
20 3
20 10
20 13
20 19
20 20
20 21
20 30
20 31
21 4
21 10
21 11
21 12
22 1
22 2
22 3
22 24
22 25
23 1
23 24
23 26
24 8
24 9
24 16
24 17
24 18
24 26
25 9
25 15
25 18
25 26
25 27
26 6
26 7
26 8
26 18
27 6
27 13
27 17
27 20
27 21
28 13
28 20
28 22
29 14
29 22
30 11
30 12
30 13
30 22
30 23
31 11
