0 5
0 6
0 39
0 40
1 5
1 6
1 39
1 40
4 25
5 0
5 1
5 6
5 7
5 26
5 38
5 39
5 44
5 45
6 0
6 1
6 5
6 8
6 25
6 26
6 37
6 40
6 44
6 45
7 5
7 7
7 19
7 20
7 21
7 22
7 23
7 24
7 25
7 38
7 40
8 6
8 18
8 19
8 20
8 23
8 39
9 18
9 21
9 22
9 24
10 3
10 22
10 24
10 42
11 2
11 4
11 20
11 21
11 23
11 24
11 41
11 43
12 2
12 3
12 20
12 21
12 22
12 23
12 42
12 43
14 2
14 3
14 20
14 21
14 22
14 23
14 42
14 43
15 2
15 4
15 20
15 21
15 23
15 24
15 41
15 43
16 3
16 22
16 24
16 42
17 18
17 21
17 22
17 24
18 6
18 18
18 19
18 20
18 23
18 39
19 5
19 7
19 19
19 20
19 21
19 22
19 23
19 24
19 25
19 38
19 40
20 0
20 1
20 5
20 8
20 25
20 26
20 37
20 40
20 44
20 45
21 0
21 1
21 6
21 7
21 26
21 38
21 39
21 44
21 45
22 25
25 5
25 6
25 39
25 40
26 5
26 6
26 39
26 40
