0 17
0 18
0 25
0 26
1 17
1 18
1 25
1 26
8 1
8 2
8 41
8 42
9 0
9 2
9 41
9 43
10 0
10 2
10 4
10 5
10 38
10 39
10 41
10 43
11 1
11 3
11 5
11 38
11 40
11 42
12 3
12 40
13 2
13 5
13 19
13 24
13 38
13 41
14 2
14 18
14 19
14 24
14 25
14 41
15 2
15 6
15 17
15 26
15 37
15 41
16 2
16 6
16 18
16 19
16 24
16 25
16 37
16 41
17 2
17 19
17 24
17 41
18 2
18 5
18 38
18 41
19 3
19 40
20 1
20 3
20 5
20 38
20 40
20 42
21 0
21 2
21 4
21 5
21 38
21 39
21 41
21 43
22 0
22 2
22 41
22 43
23 1
23 2
23 41
23 42
27 15
27 16
28 16
29 13
29 14
29 15
30 13
30 34
30 35
31 18
31 19
31 34
31 36
32 18
32 19
32 36
33 36
33 37
37 20
37 21
38 19
38 21
39 19
40 18
40 19
