0 4
0 5
1 5
2 5
2 7
3 6
3 7
3 10
3 11
4 10
4 11
11 0
12 0
12 1
12 2
12 10
12 11
13 3
13 10
13 12
14 2
14 4
14 12
15 2
15 3
15 10
15 12
16 10
16 11
17 2
17 3
18 2
19 3
19 4
19 5
20 5
21 8
21 9
22 9
23 6
23 7
23 8
23 23
23 24
23 25
24 6
24 22
24 26
25 21
25 27
26 13
26 14
26 21
26 27
27 13
27 14
27 21
27 22
27 23
27 25
27 26
27 27
28 31
28 32
29 31
29 33
30 12
30 13
30 33
31 13
31 33
31 34
32 10
32 11
32 12
32 29
32 30
33 10
33 24
33 29
34 23
34 25
34 27
34 29
35 22
35 24
35 25
35 27
35 28
36 22
37 21
37 22
