0 38
1 38
1 39
1 40
1 41
2 32
2 33
2 39
2 40
2 41
2 42
2 50
3 27
3 31
3 34
3 39
3 42
3 49
3 51
4 26
4 28
4 32
4 33
4 39
4 40
4 41
4 42
4 47
4 48
4 52
5 9
5 10
5 26
5 27
5 29
5 38
5 39
5 40
5 41
5 47
5 48
5 52
5 62
5 63
6 9
6 11
6 26
6 27
6 29
6 30
6 38
6 47
6 48
6 52
6 62
6 63
7 4
7 5
7 12
7 26
7 27
7 29
7 49
7 51
8 0
8 1
8 3
8 6
8 9
8 12
8 26
8 28
8 50
9 0
9 1
9 4
9 5
9 12
9 21
9 27
9 39
9 41
10 9
10 11
10 19
10 21
10 39
10 40
11 9
11 10
11 20
11 21
11 40
14 43
14 44
15 43
15 44
22 40
22 41
23 40
24 41
24 42
24 43
25 43
