0 4
0 5
0 6
1 3
1 6
1 7
2 3
2 8
4 3
4 4
4 5
4 9
4 10
4 12
4 13
4 14
5 1
5 2
5 4
5 6
5 11
5 13
5 14
6 3
6 6
6 11
6 14
6 15
7 0
7 3
7 12
8 0
8 5
8 8
8 9
8 12
8 15
9 1
9 3
9 4
9 5
9 8
9 9
9 13
9 14
10 3
10 4
10 6
10 8
10 9
10 11
10 15
11 9
11 10
11 12
11 13
11 14
12 9
12 15
13 12
13 13
13 14
13 17
13 18
13 19
14 15
14 17
14 18
15 10
15 11
15 13
15 17
15 18
15 19
16 10
16 11
16 14
16 17
16 18
17 12
17 13
17 14
17 15
17 19
18 13
18 14
18 16
18 19
19 11
19 12
19 14
19 16
19 18
20 14
21 11
21 19
21 20
22 12
22 13
22 19
22 20
23 14
23 15
23 17
24 16
24 17
24 18
24 21
24 23
25 16
25 17
25 21
26 17
27 18
27 19
27 20
27 21
27 22
27 24
28 19
28 20
28 23
28 24
28 25
29 19
29 20
29 25
30 23
30 24
