0 8
1 7
1 8
1 9
1 11
1 12
2 6
2 7
2 11
2 13
2 14
3 5
3 6
3 9
3 15
4 6
4 12
4 16
4 18
4 19
4 20
5 5
5 6
5 12
5 16
5 18
5 21
6 3
6 4
6 6
6 8
6 9
6 14
6 16
6 18
6 22
7 4
7 6
7 9
7 10
7 22
8 1
8 2
8 4
8 7
8 10
8 20
9 1
9 2
9 4
9 10
9 11
9 21
9 23
9 24
9 25
10 1
10 3
10 17
10 18
10 19
10 21
10 23
10 25
10 26
11 0
11 1
11 3
11 4
11 16
11 17
11 19
11 22
11 24
11 26
12 14
12 15
12 17
12 21
12 22
12 23
12 26
12 27
12 33
12 34
13 13
13 17
13 24
13 33
13 35
14 12
14 18
14 21
14 22
14 24
14 26
14 27
14 33
15 11
15 14
15 16
15 23
15 25
16 11
16 17
16 18
16 23
16 24
16 25
17 13
17 24
18 10
18 12
18 24
19 9
19 10
19 12
19 14
19 15
19 16
20 8
20 10
20 12
20 16
21 7
21 8
21 10
22 6
22 10
22 16
22 17
24 6
24 7
24 9
24 10
