0 11
0 12
1 6
1 7
1 9
1 14
1 16
1 17
2 6
2 17
3 7
3 8
3 15
3 16
4 4
4 5
4 6
4 9
4 10
4 11
4 12
4 13
4 14
4 17
4 18
4 19
5 4
5 7
5 16
5 19
6 1
6 2
6 4
6 6
6 17
6 19
6 21
6 22
7 1
7 3
7 5
7 18
7 20
7 22
8 3
8 20
9 1
9 4
9 19
9 22
10 4
10 12
10 13
10 14
10 19
11 0
11 4
11 12
11 14
11 19
11 23
12 0
12 4
12 12
12 14
12 19
12 23
13 4
13 19
14 1
14 4
14 19
14 22
15 3
15 20
16 1
16 3
16 5
16 18
16 20
16 22
17 1
17 2
17 4
17 6
17 17
17 19
17 21
17 22
18 4
18 7
18 16
18 19
19 4
19 5
19 6
19 9
19 10
19 11
19 12
19 13
19 14
19 17
19 18
19 19
20 7
20 8
20 15
20 16
21 6
21 17
22 6
22 7
22 9
22 14
22 16
22 17
23 11
23 12
