0 21
1 21
2 21
2 22
2 23
3 13
3 14
3 22
3 23
4 13
4 14
4 17
4 18
4 19
4 22
4 23
5 19
5 20
5 21
6 19
6 20
6 21
7 14
7 15
8 2
8 3
8 4
8 13
8 16
9 2
9 3
9 4
9 13
9 15
10 0
10 1
10 2
10 5
10 6
10 10
10 14
10 19
10 20
10 21
11 5
11 6
11 10
12 4
12 5
12 6
12 10
13 4
13 22
13 23
13 27
13 28
14 4
14 16
14 17
14 18
14 21
14 24
14 27
14 28
15 8
15 16
15 18
15 22
15 24
16 7
16 9
16 16
16 18
16 23
17 3
17 4
17 7
17 10
17 27
18 3
18 4
18 8
18 9
18 27
19 21
19 25
19 26
19 27
20 21
20 25
20 26
21 10
21 11
21 12
21 21
21 25
21 26
21 29
21 30
21 31
22 17
22 18
22 27
22 28
22 29
23 16
23 19
23 27
23 28
23 29
24 16
24 18
25 10
25 11
25 12
25 17
26 10
26 11
26 12
27 8
27 9
27 12
27 13
27 14
27 17
27 18
28 8
28 9
28 17
28 18
29 8
29 9
29 10
30 10
31 10
