0 1
1 2
2 0
2 1
2 2
12 13
13 14
14 12
14 13
14 14
24 25
25 26
26 24
26 25
26 26
26 41
26 42
27 42
28 40
28 46
28 47
29 40
29 41
29 47
30 47
30 49
30 50
31 40
31 41
31 44
31 45
31 47
31 50
32 40
32 41
32 45
32 47
32 48
33 45
34 44
34 45
35 51
35 52
36 37
36 51
36 53
37 38
37 53
38 36
38 37
38 38
38 53
38 55
38 56
39 43
39 44
39 50
39 51
39 53
39 55
40 43
40 44
40 50
40 51
40 53
40 55
41 53
41 55
41 56
42 34
42 35
42 50
42 51
42 52
42 53
42 56
43 33
43 35
43 50
43 54
43 55
44 33
44 52
44 53
45 32
45 33
45 53
46 51
47 51
47 52
