0 16
1 14
1 16
1 18
2 12
2 14
2 16
2 18
2 20
3 10
3 12
3 14
3 16
3 18
3 20
3 22
4 8
4 10
4 12
4 15
4 16
4 18
4 20
4 22
4 24
5 6
5 8
5 10
5 12
5 19
5 22
5 24
5 26
6 4
6 6
6 8
6 11
6 22
6 24
6 26
6 28
7 5
7 6
7 8
7 23
7 26
7 28
7 30
8 3
8 7
8 26
8 28
8 29
9 4
9 5
9 6
9 27
9 31
10 2
10 28
10 29
10 30
11 3
11 4
11 32
12 1
12 5
12 30
12 31
13 2
13 3
13 4
13 5
13 29
13 33
14 0
14 30
14 31
14 32
15 1
15 2
15 3
15 33
16 0
16 4
16 28
16 29
16 30
16 31
17 2
17 3
17 28
17 32
18 1
18 29
18 30
19 3
19 4
19 5
19 31
20 2
20 6
20 27
20 28
20 29
21 4
21 5
21 7
21 26
21 30
22 3
22 5
22 7
22 10
22 25
22 27
22 28
23 5
23 7
23 9
23 11
23 22
23 25
23 27
23 29
24 7
24 9
24 11
24 14
24 21
24 23
24 25
24 27
25 9
25 11
25 13
25 15
25 17
25 18
25 21
25 23
25 25
26 11
26 13
26 15
26 17
26 19
26 21
26 23
27 13
27 15
27 17
27 19
27 21
28 15
28 17
28 19
29 17
