0 14
0 15
1 11
1 12
1 15
2 9
2 10
2 11
2 13
2 14
2 21
3 8
3 19
3 20
3 21
4 9
4 10
4 11
4 13
4 14
4 18
5 11
5 13
5 14
5 18
5 19
10 23
10 24
11 23
12 21
12 23
13 21
13 22
19 3
20 3
20 5
21 3
21 4
21 5
22 5
23 22
23 23
24 22
24 23
32 0
32 2
32 3
33 0
33 1
33 3
34 21
34 22
35 9
35 10
35 20
35 23
35 26
35 27
36 9
36 10
36 20
36 22
36 27
37 21
37 27
37 29
37 30
38 24
38 25
38 27
38 29
39 24
39 27
39 30
40 21
40 26
40 29
40 30
41 21
41 22
41 23
41 24
41 25
43 19
43 20
43 21
43 22
43 23
43 24
43 25
44 19
44 22
44 25
45 17
45 19
46 17
46 18
52 9
52 10
52 11
53 11
54 11
54 12
