0 53
0 54
0 56
1 53
1 55
1 56
3 11
3 12
4 11
4 12
7 14
7 15
7 44
7 45
7 53
7 54
7 60
7 61
8 4
8 5
8 14
8 15
8 53
8 54
8 60
8 61
9 5
9 43
9 45
10 4
10 11
10 12
10 41
10 56
10 57
11 4
11 5
11 11
11 12
11 37
11 38
11 40
11 42
11 43
11 56
11 57
12 38
12 40
12 41
13 39
15 33
15 34
16 33
16 34
18 29
18 30
18 36
18 37
19 29
19 30
19 36
19 37
23 21
23 22
23 23
24 21
24 24
25 21
25 23
25 24
29 20
29 21
29 34
29 44
30 20
30 23
30 34
30 36
30 42
30 43
30 44
31 2
31 3
31 4
31 5
31 21
31 22
31 23
31 34
31 35
31 41
32 0
32 1
32 6
32 7
32 41
32 42
33 0
33 1
33 7
34 2
34 3
34 5
34 7
34 22
34 23
35 7
35 22
35 23
36 3
36 7
36 34
36 39
37 3
37 8
37 32
37 33
37 39
38 5
38 6
38 7
38 11
38 33
38 34
38 38
38 40
39 5
39 6
39 11
39 37
39 38
39 40
39 41
40 11
40 12
40 36
40 42
41 13
41 39
42 13
42 14
42 15
42 36
42 37
42 41
42 42
45 16
45 38
46 15
46 17
46 18
46 19
46 20
46 21
46 38
47 14
47 15
47 21
47 37
48 14
48 15
48 19
48 22
49 22
50 16
50 17
50 19
50 22
50 39
50 40
51 19
51 22
51 39
51 40
52 20
52 21
53 20
53 21
53 27
53 32
54 25
54 26
54 28
54 29
54 30
54 31
54 33
54 34
55 27
55 32
