0 3
0 6
0 7
1 1
1 2
1 3
1 5
1 7
1 9
2 1
2 4
2 5
2 6
2 9
2 10
3 0
3 3
3 4
3 5
3 6
3 7
3 8
3 10
3 12
3 13
3 14
4 1
4 4
4 5
4 6
4 8
4 10
4 11
4 12
4 13
4 14
5 6
5 8
5 10
5 12
6 0
6 2
6 6
6 8
6 10
6 11
6 12
6 13
6 14
7 0
7 3
7 5
7 8
7 10
7 11
7 15
8 3
8 6
8 7
8 15
8 16
8 17
9 1
9 5
9 6
9 7
9 8
9 9
9 11
9 12
9 13
9 16
9 17
10 4
10 14
11 2
11 4
11 14
12 4
12 5
12 7
12 8
12 9
12 10
12 11
12 15
13 6
13 8
13 9
13 10
13 13
13 19
13 20
14 6
14 9
14 13
14 15
14 16
14 17
14 19
14 20
15 8
15 9
15 13
15 14
15 15
15 17
15 20
15 24
16 8
16 9
16 14
16 15
16 17
16 18
16 19
16 20
16 24
16 25
16 26
17 19
17 21
17 24
18 13
18 15
18 21
18 22
18 25
18 26
19 13
19 16
19 22
19 24
19 25
19 26
19 32
20 13
20 17
20 22
20 23
20 26
20 30
20 33
21 15
21 16
21 17
21 23
21 24
21 33
22 15
22 17
22 20
22 23
22 29
22 30
22 33
23 17
23 20
23 21
23 23
23 24
23 26
23 29
24 16
24 24
24 26
25 17
25 21
25 22
25 23
25 24
26 18
26 22
28 23
29 22
29 24
30 21
30 22
31 21
31 23
32 21
32 22
33 23
34 22
