0 8
0 22
1 6
1 8
1 20
1 21
1 22
2 7
2 8
2 19
3 19
3 20
4 4
4 5
5 5
6 5
6 7
7 6
7 7
7 18
8 17
8 19
9 17
9 19
10 18
10 23
10 24
11 6
11 7
11 23
11 25
12 5
12 7
12 25
13 5
13 25
13 26
14 4
14 5
20 15
20 16
21 15
21 16
30 3
30 4
31 4
32 4
32 6
33 5
33 6
45 6
45 7
45 23
45 24
46 6
46 7
46 23
46 25
47 25
48 25
48 26
54 19
55 17
55 18
55 19
56 16
57 16
57 17
57 37
57 38
58 20
58 21
58 38
59 21
59 38
59 40
60 19
60 39
60 40
61 19
61 20
64 60
64 61
65 60
65 61
67 22
67 23
68 3
68 4
68 22
68 23
69 3
69 4
72 2
72 3
73 3
74 0
74 1
74 2
74 15
74 16
75 0
75 15
76 16
76 17
76 18
77 18
79 50
79 51
80 50
80 51
