0 4
0 5
1 4
1 7
2 4
2 8
3 6
3 7
3 8
4 2
4 3
4 10
4 11
4 12
4 13
5 2
5 4
5 5
5 10
5 11
5 12
5 13
6 1
6 6
6 13
6 14
6 15
7 2
7 3
7 4
7 5
7 10
7 11
7 15
8 0
8 10
8 11
9 1
9 5
10 6
10 7
10 8
10 11
10 12
10 15
11 2
11 3
11 11
11 16
12 13
12 15
12 16
13 10
13 11
13 18
14 11
14 12
14 14
14 15
14 16
14 18
15 10
15 11
15 15
15 18
16 10
16 12
16 15
16 16
17 10
17 13
17 15
17 17
18 10
18 11
18 12
18 19
19 11
19 13
19 15
19 19
20 14
20 15
20 17
20 19
21 11
21 18
21 19
21 20
23 11
23 21
24 11
24 15
24 22
25 12
25 18
25 19
25 20
25 21
25 22
26 12
26 13
26 14
27 16
27 17
28 13
28 14
28 15
28 18
29 11
29 13
29 14
29 15
29 17
30 10
30 14
30 17
31 11
31 16
31 17
31 19
31 20
31 21
32 13
32 14
32 15
32 16
32 18
32 23
32 24
33 13
33 15
33 16
33 17
33 18
33 23
33 24
34 19
35 20
35 23
35 24
36 20
36 21
37 21
37 22
37 23
37 24
37 25
38 25
38 26
39 19
39 20
39 21
39 28
40 20
40 22
40 26
40 28
41 19
41 23
41 27
42 19
42 23
42 24
43 18
43 25
43 27
43 28
43 29
44 19
44 20
44 24
44 28
44 29
45 20
45 21
45 22
45 23
45 26
45 29
46 22
46 23
46 27
47 21
48 21
48 22
48 24
49 20
50 19
50 20
50 21
50 22
50 23
51 19
51 24
52 18
52 19
52 20
52 22
52 23
52 24
53 18
53 20
53 21
53 22
53 23
53 24
54 18
55 20
56 16
56 21
56 22
56 23
56 24
57 20
57 21
57 22
57 23
57 25
57 26
58 17
58 18
58 19
58 24
59 24
59 26
60 28
61 24
61 27
61 28
62 25
62 26
62 27
63 22
63 23
64 21
64 22
64 23
64 29
65 24
65 25
65 28
65 30
66 21
66 24
66 25
66 26
66 28
66 30
67 22
67 23
67 25
67 28
68 24
68 26
68 29
68 30
69 26
69 27
70 22
70 23
70 24
70 29
71 22
71 23
71 24
71 29
72 23
72 24
72 28
72 29
72 30
73 24
73 25
73 27
73 28
74 25
74 26
75 25
77 24
77 25
78 26
