0 29
0 30
1 28
1 30
2 22
2 23
2 28
3 20
3 23
3 26
3 27
3 29
3 30
3 31
3 32
4 20
4 21
4 23
4 25
4 27
4 29
4 32
5 23
5 25
5 27
5 29
6 23
6 25
6 27
6 28
7 24
9 37
9 38
10 28
10 29
10 37
11 28
11 29
11 35
11 37
12 9
12 35
12 36
13 9
13 10
13 11
14 12
14 21
15 11
15 12
15 20
16 20
16 21
16 22
18 3
18 4
19 3
19 25
19 26
20 0
20 1
20 3
20 26
21 0
21 3
21 4
21 5
21 10
21 11
21 23
21 24
21 25
22 1
22 2
22 6
22 10
22 11
22 23
22 46
23 3
23 4
23 5
23 6
23 28
23 29
23 44
23 45
23 46
23 47
23 48
24 3
24 19
24 20
24 29
24 43
24 49
25 4
25 5
25 6
25 19
25 21
25 29
25 31
25 44
25 45
25 46
25 49
26 7
26 21
26 30
26 31
26 47
26 49
26 50
27 2
27 3
27 4
27 5
27 6
27 21
27 22
27 44
27 45
27 46
27 47
27 50
28 1
28 4
28 27
28 39
28 40
28 44
28 48
28 49
29 1
29 2
29 25
29 26
29 27
29 39
29 40
29 45
29 46
29 47
30 24
30 47
31 24
31 25
31 47
31 49
31 50
32 46
32 47
32 49
32 50
35 38
35 39
36 38
37 39
37 40
37 41
38 14
38 15
38 41
39 13
39 15
39 21
39 22
40 13
40 21
40 22
41 12
41 13
43 26
44 16
44 17
44 22
44 23
44 25
44 27
45 15
45 18
45 21
45 23
45 25
45 27
46 16
46 17
46 21
46 23
46 25
46 27
46 28
47 18
47 19
47 20
47 21
47 23
47 24
47 27
48 18
48 22
48 27
49 19
49 22
49 24
49 25
49 26
50 20
50 22
50 24
51 21
