0 0
0 1
0 2
0 3
0 6
0 7
0 9
0 10
0 11
0 13
0 17
0 19
0 20
0 21
0 23
0 24
0 27
0 28
0 29
0 30
1 1
1 3
1 5
1 6
1 8
1 22
1 24
1 25
1 27
1 29
2 2
2 3
2 4
2 7
2 9
2 11
2 19
2 21
2 23
2 26
2 27
2 28
3 0
3 2
3 3
3 5
3 6
3 7
3 9
3 12
3 18
3 21
3 23
3 24
3 25
3 27
3 28
3 30
4 1
4 2
4 3
4 4
4 6
4 10
4 11
4 13
4 14
4 15
4 16
4 17
4 19
4 20
4 24
4 26
4 27
4 28
4 29
5 5
5 6
5 10
5 11
5 13
5 15
5 17
5 19
5 20
5 24
5 25
6 2
6 3
6 4
6 8
6 9
6 13
6 17
6 21
6 22
6 26
6 27
6 28
7 0
7 3
7 6
7 8
7 9
7 13
7 14
7 16
7 17
7 21
7 22
7 24
7 27
7 30
8 0
8 1
8 3
8 6
8 10
8 20
8 24
8 27
8 29
8 30
9 0
9 2
9 4
9 8
9 9
9 10
9 11
9 14
9 15
9 16
9 19
9 20
9 21
9 22
9 26
9 28
9 30
10 0
10 2
10 3
10 4
10 6
10 7
10 10
10 11
10 15
10 19
10 20
10 23
10 24
10 26
10 27
10 28
10 30
11 2
11 8
11 9
11 13
11 17
11 21
11 22
11 28
12 0
12 1
12 2
12 3
12 4
12 6
12 8
12 9
12 10
12 13
12 17
12 20
12 21
12 22
12 24
12 26
12 27
12 28
12 29
12 30
13 1
13 6
13 11
13 14
13 15
13 16
13 19
13 24
13 29
14 1
14 2
14 4
14 8
14 9
14 10
14 11
14 12
14 13
14 14
14 15
14 16
14 17
14 18
14 19
14 20
14 21
14 22
14 26
14 28
14 29
15 0
15 1
15 2
15 3
15 5
15 6
15 7
15 14
15 16
15 23
15 24
15 25
15 27
15 28
15 29
15 30
