0 20
1 21
2 19
2 20
2 21
4 27
4 29
5 25
5 29
6 17
6 25
7 16
7 17
7 18
7 19
7 24
7 29
7 38
7 39
8 15
8 16
8 18
8 20
8 25
8 38
8 39
9 4
9 5
9 14
9 15
9 16
9 18
9 21
9 25
9 29
10 4
10 5
10 15
10 16
10 18
10 20
10 27
10 29
11 16
11 17
11 18
11 19
12 17
13 26
13 27
13 28
14 26
14 28
14 32
14 33
15 25
15 26
15 32
15 35
16 18
16 20
16 26
16 36
16 43
16 44
17 16
17 20
17 23
17 24
17 36
17 43
17 44
18 9
18 10
18 16
18 27
18 36
19 1
19 9
19 10
19 15
19 20
19 28
19 29
19 32
19 35
20 2
20 16
20 24
20 26
20 29
20 32
20 33
21 0
21 1
21 2
21 16
21 20
21 26
21 27
21 28
22 18
22 20
