0 56
1 55
2 55
2 56
2 57
15 12
16 12
16 13
16 14
17 15
18 14
18 15
19 8
20 7
20 9
20 17
20 18
21 7
21 9
21 16
21 18
22 5
22 6
22 7
22 9
22 10
22 16
22 17
23 4
24 5
24 6
24 7
24 9
24 10
25 7
25 9
25 10
29 0
29 1
30 1
31 1
31 3
32 2
32 3
34 20
35 19
35 21
36 19
36 55
37 20
37 53
37 54
37 55
38 36
38 37
38 53
39 2
39 36
39 37
39 53
40 2
40 4
41 2
41 3
41 4
42 4
42 25
43 24
43 26
44 24
44 25
45 19
45 20
45 33
45 34
46 19
46 20
46 33
47 34
48 33
48 34
55 2
55 3
55 14
55 15
56 3
56 14
57 0
57 1
57 2
57 15
57 16
57 17
58 0
58 17
