0 23
1 23
2 22
2 24
4 21
4 25
5 20
5 21
5 25
5 26
6 18
6 19
6 21
6 25
6 27
6 28
7 16
7 17
7 19
7 21
7 25
7 27
7 29
7 30
8 12
8 16
8 17
8 18
8 20
8 26
8 28
8 29
8 30
8 34
9 12
9 13
9 14
9 15
9 16
9 17
9 29
9 30
9 31
9 32
9 33
9 34
10 11
10 14
10 19
10 27
10 32
10 35
11 19
11 27
12 10
12 11
12 12
12 34
12 35
12 36
13 9
13 11
13 12
13 34
13 35
13 37
14 8
14 11
14 35
14 38
15 8
15 38
16 9
16 10
16 36
16 37
17 9
17 10
17 36
17 37
18 0
18 1
18 2
18 9
18 37
18 44
18 45
18 46
19 1
19 8
19 9
19 10
19 36
19 37
19 38
19 45
20 6
20 7
20 10
20 36
20 39
20 40
21 2
21 3
21 5
21 7
21 8
21 9
21 37
21 38
21 39
21 41
21 43
21 44
22 1
22 5
22 7
22 39
22 41
22 45
23 1
23 5
23 6
23 40
23 41
23 45
