0 11
0 12
0 49
0 50
1 6
1 7
1 10
1 12
1 44
1 45
1 48
1 50
2 6
2 10
2 15
2 44
2 48
2 53
3 7
3 8
3 9
3 11
3 12
3 13
3 14
3 15
3 45
3 46
3 47
3 49
3 50
3 51
3 52
3 53
4 9
4 11
4 47
4 49
5 9
5 11
5 13
5 14
5 15
5 47
5 49
5 51
5 52
5 53
6 10
6 11
6 13
6 16
6 48
6 49
6 51
6 54
7 15
7 16
7 53
7 54
10 45
10 46
11 45
11 46
15 0
15 1
15 38
15 39
16 0
16 1
16 38
16 39
31 9
31 10
31 47
31 48
32 9
32 10
32 47
32 48
34 0
34 1
34 3
34 11
34 38
34 39
34 41
34 49
35 0
35 2
35 3
35 10
35 11
35 12
35 38
35 40
35 41
35 48
35 49
35 50
36 9
36 10
36 13
36 47
36 48
36 51
