0 41
1 40
1 41
1 42
2 39
2 40
2 42
2 48
3 39
3 40
3 41
3 47
3 48
3 49
4 40
4 41
4 46
4 49
4 50
4 54
4 55
4 56
5 46
5 47
5 48
5 53
5 56
6 56
7 56
8 56
9 40
9 41
9 42
9 55
10 40
10 43
11 40
12 40
13 41
20 38
20 39
20 40
21 38
21 41
21 53
22 38
22 52
22 53
22 54
23 38
23 51
23 52
23 54
24 38
24 51
24 52
24 53
25 39
25 52
25 53
28 35
28 36
28 37
29 34
29 35
29 36
29 37
29 38
30 34
30 35
30 36
30 38
30 39
30 47
30 48
30 57
31 37
31 38
31 46
31 47
31 48
31 49
31 58
32 46
32 47
32 49
32 50
32 54
32 58
33 48
33 49
33 55
33 56
33 57
33 58
36 20
37 21
38 1
38 2
38 16
38 21
38 54
38 55
38 56
39 0
39 1
39 2
39 3
39 17
39 18
39 19
39 20
39 21
39 56
40 0
40 1
40 3
40 4
40 56
41 2
41 3
41 55
42 36
43 37
44 21
44 22
44 33
44 37
45 22
45 23
45 34
45 35
45 36
45 37
45 53
45 54
46 21
46 22
46 50
46 51
46 52
46 54
46 55
47 21
47 50
47 51
47 52
47 53
47 54
48 51
48 52
48 53
50 22
50 23
51 13
51 14
51 15
51 16
51 21
51 22
51 23
51 24
52 12
52 16
52 21
52 22
52 24
52 25
53 1
53 2
53 3
53 4
53 5
53 16
53 23
53 24
54 0
54 5
54 15
55 5
56 4
