0 11
0 12
1 11
1 18
1 19
2 8
2 9
2 11
2 18
2 21
3 8
3 10
3 12
3 13
3 15
3 16
3 18
3 20
3 21
3 24
4 1
4 10
4 13
4 15
4 18
4 21
4 23
4 25
5 1
5 3
5 9
5 10
5 13
5 15
5 17
5 19
5 20
5 23
5 26
6 1
6 3
6 5
6 14
6 15
6 17
6 19
6 21
6 22
6 24
6 25
7 7
7 9
7 11
7 12
7 13
7 17
7 22
7 23
8 2
8 6
8 11
8 13
8 14
8 23
9 4
9 8
9 9
9 10
9 13
9 14
9 16
9 17
9 18
9 20
9 22
9 24
9 25
10 0
10 1
10 4
10 11
10 22
10 24
11 2
11 14
11 15
11 17
11 18
11 22
11 24
12 8
12 10
12 11
12 12
12 13
12 14
12 18
12 23
13 8
13 9
13 13
13 16
13 19
14 11
14 12
14 13
14 14
14 16
14 17
14 18
15 8
15 9
15 10
15 15
16 8
16 11
16 14
16 17
16 18
17 10
17 11
17 15
17 16
17 18
