0 1
0 16
0 31
0 46
1 2
1 17
1 32
1 47
2 0
2 1
2 2
2 15
2 16
2 17
2 30
2 31
2 32
2 45
2 46
2 47
6 5
6 6
6 15
6 16
6 32
7 4
7 6
7 14
7 16
7 31
7 33
7 49
7 50
7 51
8 5
8 14
8 32
8 34
8 50
8 51
8 52
9 13
9 14
9 33
9 34
15 1
15 16
15 31
15 46
16 2
16 17
16 32
16 37
16 38
16 47
17 0
17 1
17 2
17 15
17 16
17 17
17 30
17 31
17 32
17 37
17 38
17 45
17 46
17 47
18 54
18 55
19 54
19 55
21 3
21 19
21 20
22 2
22 4
22 18
22 20
22 33
22 34
22 49
22 50
23 1
23 3
23 17
23 19
23 33
23 34
23 49
23 50
24 1
24 2
24 17
24 18
30 1
31 2
32 0
32 1
32 2
36 4
36 5
37 2
37 5
38 2
38 3
