0 9
0 11
0 17
0 21
0 27
0 29
1 8
1 12
1 17
1 21
1 26
1 30
2 9
2 17
2 21
2 29
3 11
3 12
3 14
3 15
3 17
3 21
3 23
3 24
3 26
3 27
4 17
4 21
5 10
5 14
5 24
5 28
6 8
6 10
6 28
6 30
8 8
8 28
9 7
9 8
9 27
9 28
10 7
10 27
11 5
11 8
11 25
11 28
12 0
12 5
12 20
12 25
13 0
13 1
13 2
13 3
13 5
13 6
13 8
13 9
13 10
13 20
13 21
13 22
13 23
13 25
13 26
13 28
13 29
13 30
14 0
14 1
14 2
14 4
14 5
14 7
14 8
14 9
14 10
14 20
14 21
14 22
14 24
14 25
14 27
14 28
14 29
14 30
15 5
15 10
15 25
15 30
16 2
16 5
16 22
16 25
17 3
17 23
18 2
18 3
18 22
18 23
19 2
19 22
21 0
21 2
21 20
21 22
22 2
22 6
22 16
22 20
23 9
23 13
24 3
24 4
24 6
24 7
24 9
24 13
24 15
24 16
24 18
24 19
25 1
25 9
25 13
25 21
26 0
26 4
26 9
26 13
26 18
26 22
27 1
27 3
27 9
27 13
27 19
27 21
