0 55
1 55
1 56
2 53
2 56
3 52
4 49
4 50
4 53
5 48
5 51
6 49
7 45
7 49
7 50
8 44
8 46
8 47
9 43
9 44
9 47
10 43
10 44
10 46
10 47
11 43
11 46
11 49
11 50
12 42
12 43
12 50
12 51
13 43
13 45
13 46
13 48
13 50
13 51
14 42
14 44
14 45
14 46
14 48
15 42
15 44
15 46
15 48
17 40
17 44
18 39
18 40
19 37
19 38
19 39
19 42
20 34
20 35
20 37
20 38
21 35
22 36
22 38
23 35
24 35
24 38
25 34
26 37
27 34
27 35
27 36
27 37
28 32
28 34
28 35
28 37
29 37
30 32
31 33
31 36
32 35
33 25
33 30
33 31
33 32
33 53
33 54
33 55
34 0
34 1
34 24
34 26
34 27
34 28
34 33
34 56
34 60
35 2
35 3
35 5
35 6
35 24
35 27
35 32
35 53
35 57
36 2
36 3
36 7
36 8
36 10
36 11
36 27
36 30
36 47
36 48
36 50
36 54
36 56
36 57
36 58
36 59
37 0
37 1
37 7
37 8
37 12
37 13
37 15
37 16
37 26
37 27
37 29
37 30
37 31
37 35
37 36
37 39
37 40
37 42
37 43
37 44
37 46
37 51
37 57
37 60
38 5
38 6
38 12
38 13
38 17
38 18
38 20
38 21
38 28
38 30
38 31
38 34
38 36
38 39
38 40
38 41
38 43
38 44
38 46
38 48
38 52
38 59
39 10
39 11
39 17
39 18
39 22
39 23
39 25
39 29
39 34
39 36
39 38
39 41
39 42
39 45
39 48
39 52
39 53
39 54
39 55
40 15
40 16
40 22
40 23
40 26
40 28
40 30
40 31
40 34
40 37
41 20
41 21
41 33
41 38
41 49
41 50
41 54
41 55
42 39
42 50
43 36
44 36
44 37
