0 17
0 18
1 13
1 14
1 19
2 12
2 13
2 14
2 16
3 0
3 2
3 3
3 6
3 7
3 11
3 15
3 16
3 17
3 18
3 20
3 22
3 27
3 28
3 36
3 37
4 0
4 5
4 6
4 9
4 18
4 20
4 21
4 22
4 27
4 32
4 33
4 35
4 38
4 40
4 41
4 43
5 0
5 2
5 3
5 8
5 9
5 11
5 12
5 17
5 29
5 33
5 35
5 37
5 38
5 40
5 42
5 43
6 6
6 14
6 28
6 29
6 35
6 38
6 40
6 44
6 45
7 5
7 15
7 17
7 22
7 23
7 24
7 28
7 33
7 36
7 38
7 40
7 41
7 42
7 46
8 5
8 15
8 17
8 22
8 23
8 24
8 26
8 27
8 29
8 32
8 33
8 35
8 37
8 41
8 44
8 45
8 47
9 6
9 14
9 28
9 29
9 31
9 35
9 36
9 41
9 42
9 47
10 0
10 2
10 3
10 8
10 9
10 11
10 12
10 17
10 28
10 37
10 38
10 40
10 42
10 44
10 45
10 47
10 48
11 0
11 5
11 6
11 9
11 18
11 20
11 21
11 22
11 31
11 35
11 39
11 40
11 42
11 45
11 47
12 0
12 2
12 3
12 6
12 7
12 11
12 15
12 16
12 17
12 18
12 20
12 22
12 30
12 32
12 36
12 37
12 42
12 45
12 47
13 12
13 13
13 14
13 16
13 31
13 37
13 39
13 40
13 41
13 46
14 13
14 14
14 19
14 37
14 39
15 17
15 18
15 38
