0 10
1 8
1 9
1 10
1 11
1 12
1 30
2 7
2 13
2 28
2 29
2 30
2 31
2 32
3 7
3 10
3 11
3 13
3 27
3 33
4 3
4 5
4 6
4 7
4 9
4 11
4 13
4 14
4 27
4 29
4 30
4 33
5 3
5 4
5 9
5 26
5 27
5 29
5 31
5 33
5 34
5 35
5 37
6 6
6 7
6 9
6 10
6 31
6 36
6 37
7 1
7 2
7 3
7 4
7 5
7 7
7 9
7 12
7 30
7 31
7 33
7 34
8 0
8 7
8 11
8 13
8 28
8 31
8 33
8 35
8 36
8 37
8 38
8 39
9 0
9 1
9 4
9 5
9 6
9 7
9 8
9 10
9 11
9 13
9 27
9 29
9 33
9 40
10 12
10 13
10 27
10 29
10 30
10 32
10 33
10 34
10 35
10 36
10 39
10 40
11 5
11 6
11 11
11 12
11 13
11 27
11 28
12 5
12 6
12 11
12 12
12 13
12 19
12 20
12 27
12 28
12 29
12 34
12 35
13 12
13 13
13 18
13 21
13 27
13 28
13 29
13 34
13 35
14 0
14 1
14 4
14 5
14 6
14 7
14 8
14 10
14 11
14 13
14 19
14 21
14 27
14 28
15 0
15 7
15 11
15 13
15 20
15 27
15 29
15 30
15 32
15 33
15 34
15 35
15 36
15 39
15 40
16 1
16 2
16 3
16 4
16 5
16 7
16 9
16 12
16 27
16 29
16 33
16 40
17 6
17 7
17 9
17 10
17 28
17 31
17 33
17 35
17 36
17 37
17 38
17 39
18 3
18 4
18 9
18 30
18 31
18 33
18 34
19 3
19 5
19 6
19 7
19 9
19 11
19 13
19 14
19 31
19 36
19 37
20 7
20 10
20 11
20 13
20 26
20 27
20 29
20 31
20 33
20 34
20 35
20 37
21 7
21 13
21 27
21 29
21 30
21 33
22 8
22 9
22 10
22 11
22 12
22 27
22 33
23 10
23 28
23 29
23 30
23 31
23 32
24 30
